## Positive roots in the root system B8 with
## squares of root lengths.
## Number of positive roots = n^2 = 64.
0 )  [1, 0, 0, 0, 0, 0, 0, 0]  ## sq.len:  2.0
1 )  [0, 1, 0, 0, 0, 0, 0, 0]  ## sq.len:  2.0
2 )  [0, 0, 1, 0, 0, 0, 0, 0]  ## sq.len:  2.0
3 )  [0, 0, 0, 1, 0, 0, 0, 0]  ## sq.len:  2.0
4 )  [0, 0, 0, 0, 1, 0, 0, 0]  ## sq.len:  2.0
5 )  [0, 0, 0, 0, 0, 1, 0, 0]  ## sq.len:  2.0
6 )  [0, 0, 0, 0, 0, 0, 1, 0]  ## sq.len:  2.0
7 )  [0, 0, 0, 0, 0, 0, 0, 1]  ## sq.len:  1.0
8 )  [1, 1, 0, 0, 0, 0, 0, 0]  ## sq.len:  2.0
9 )  [0, 1, 1, 0, 0, 0, 0, 0]  ## sq.len:  2.0
10 )  [0, 0, 1, 1, 0, 0, 0, 0]  ## sq.len:  2.0
11 )  [0, 0, 0, 1, 1, 0, 0, 0]  ## sq.len:  2.0
12 )  [0, 0, 0, 0, 1, 1, 0, 0]  ## sq.len:  2.0
13 )  [0, 0, 0, 0, 0, 1, 1, 0]  ## sq.len:  2.0
14 )  [0, 0, 0, 0, 0, 0, 1, 1]  ## sq.len:  1.0
15 )  [1, 1, 1, 0, 0, 0, 0, 0]  ## sq.len:  2.0
16 )  [0, 1, 1, 1, 0, 0, 0, 0]  ## sq.len:  2.0
17 )  [0, 0, 1, 1, 1, 0, 0, 0]  ## sq.len:  2.0
18 )  [0, 0, 0, 1, 1, 1, 0, 0]  ## sq.len:  2.0
19 )  [0, 0, 0, 0, 1, 1, 1, 0]  ## sq.len:  2.0
20 )  [0, 0, 0, 0, 0, 1, 1, 1]  ## sq.len:  1.0
21 )  [0, 0, 0, 0, 0, 0, 1, 2]  ## sq.len:  2.0
22 )  [1, 1, 1, 1, 0, 0, 0, 0]  ## sq.len:  2.0
23 )  [0, 1, 1, 1, 1, 0, 0, 0]  ## sq.len:  2.0
24 )  [0, 0, 1, 1, 1, 1, 0, 0]  ## sq.len:  2.0
25 )  [0, 0, 0, 1, 1, 1, 1, 0]  ## sq.len:  2.0
26 )  [0, 0, 0, 0, 1, 1, 1, 1]  ## sq.len:  1.0
27 )  [0, 0, 0, 0, 0, 1, 1, 2]  ## sq.len:  2.0
28 )  [1, 1, 1, 1, 1, 0, 0, 0]  ## sq.len:  2.0
29 )  [0, 1, 1, 1, 1, 1, 0, 0]  ## sq.len:  2.0
30 )  [0, 0, 1, 1, 1, 1, 1, 0]  ## sq.len:  2.0
31 )  [0, 0, 0, 1, 1, 1, 1, 1]  ## sq.len:  1.0
32 )  [0, 0, 0, 0, 1, 1, 1, 2]  ## sq.len:  2.0
33 )  [0, 0, 0, 0, 0, 1, 2, 2]  ## sq.len:  2.0
34 )  [1, 1, 1, 1, 1, 1, 0, 0]  ## sq.len:  2.0
35 )  [0, 1, 1, 1, 1, 1, 1, 0]  ## sq.len:  2.0
36 )  [0, 0, 1, 1, 1, 1, 1, 1]  ## sq.len:  1.0
37 )  [0, 0, 0, 1, 1, 1, 1, 2]  ## sq.len:  2.0
38 )  [0, 0, 0, 0, 1, 1, 2, 2]  ## sq.len:  2.0
39 )  [1, 1, 1, 1, 1, 1, 1, 0]  ## sq.len:  2.0
40 )  [0, 1, 1, 1, 1, 1, 1, 1]  ## sq.len:  1.0
41 )  [0, 0, 1, 1, 1, 1, 1, 2]  ## sq.len:  2.0
42 )  [0, 0, 0, 1, 1, 1, 2, 2]  ## sq.len:  2.0
43 )  [0, 0, 0, 0, 1, 2, 2, 2]  ## sq.len:  2.0
44 )  [1, 1, 1, 1, 1, 1, 1, 1]  ## sq.len:  1.0
45 )  [0, 1, 1, 1, 1, 1, 1, 2]  ## sq.len:  2.0
46 )  [0, 0, 1, 1, 1, 1, 2, 2]  ## sq.len:  2.0
47 )  [0, 0, 0, 1, 1, 2, 2, 2]  ## sq.len:  2.0
48 )  [1, 1, 1, 1, 1, 1, 1, 2]  ## sq.len:  2.0
49 )  [0, 1, 1, 1, 1, 1, 2, 2]  ## sq.len:  2.0
50 )  [0, 0, 1, 1, 1, 2, 2, 2]  ## sq.len:  2.0
51 )  [0, 0, 0, 1, 2, 2, 2, 2]  ## sq.len:  2.0
52 )  [1, 1, 1, 1, 1, 1, 2, 2]  ## sq.len:  2.0
53 )  [0, 1, 1, 1, 1, 2, 2, 2]  ## sq.len:  2.0
54 )  [0, 0, 1, 1, 2, 2, 2, 2]  ## sq.len:  2.0
55 )  [1, 1, 1, 1, 1, 2, 2, 2]  ## sq.len:  2.0
56 )  [0, 1, 1, 1, 2, 2, 2, 2]  ## sq.len:  2.0
57 )  [0, 0, 1, 2, 2, 2, 2, 2]  ## sq.len:  2.0
58 )  [1, 1, 1, 1, 2, 2, 2, 2]  ## sq.len:  2.0
59 )  [0, 1, 1, 2, 2, 2, 2, 2]  ## sq.len:  2.0
60 )  [1, 1, 1, 2, 2, 2, 2, 2]  ## sq.len:  2.0
61 )  [0, 1, 2, 2, 2, 2, 2, 2]  ## sq.len:  2.0
62 )  [1, 1, 2, 2, 2, 2, 2, 2]  ## sq.len:  2.0
63 )  [1, 2, 2, 2, 2, 2, 2, 2]  ## sq.len:  2.0