0 )  [1, 0, 0, 0]  ## sq.len:  2.0
1 )  [0, 1, 0, 0]  ## sq.len:  2.0
2 )  [0, 0, 1, 0]  ## sq.len:  1.0
3 )  [0, 0, 0, 1]  ## sq.len:  1.0
4 )  [1, 1, 0, 0]  ## sq.len:  2.0
5 )  [0, 1, 1, 0]  ## sq.len:  1.0
6 )  [0, 0, 1, 1]  ## sq.len:  1.0
7 )  [1, 1, 1, 0]  ## sq.len:  1.0
8 )  [0, 1, 2, 0]  ## sq.len:  2.0
9 )  [0, 1, 1, 1]  ## sq.len:  1.0
10 )  [1, 1, 2, 0]  ## sq.len:  2.0
11 )  [1, 1, 1, 1]  ## sq.len:  1.0
12 )  [0, 1, 2, 1]  ## sq.len:  1.0
13 )  [1, 2, 2, 0]  ## sq.len:  2.0
14 )  [1, 1, 2, 1]  ## sq.len:  1.0
15 )  [0, 1, 2, 2]  ## sq.len:  2.0
16 )  [1, 2, 2, 1]  ## sq.len:  1.0
17 )  [1, 1, 2, 2]  ## sq.len:  2.0
18 )  [1, 2, 3, 1]  ## sq.len:  1.0
19 )  [1, 2, 2, 2]  ## sq.len:  2.0
20 )  [1, 2, 3, 2]  ## sq.len:  1.0
21 )  [1, 2, 4, 2]  ## sq.len:  2.0
22 )  [1, 3, 4, 2]  ## sq.len:  2.0
23 )  [2, 3, 4, 2]  ## sq.len:  2.0